NOTHING
01:05:01, Friday, October 25, 2024	7983.781	2308.9	4302.2	3452.5	53.7	-3.8	4765.3	290.8	4631.0	-440.0	86.0	-	-	0.0	0.0	4765.3	290.8	4631.0	-440.0
01:05:01, Friday, October 25, 2024	7983.906	2559.2	4366.3	3578.7	58.6	-4.1	4548.8	316.2	4686.0	1430.0	86.2	-	-	0.0	0.0	4548.8	316.2	4686.0	1430.0
01:05:01, Friday, October 25, 2024	7984.031	2597.7	4455.9	3647.1	58.3	-3.7	4434.0	47.5	4257.0	-22.0	79.2	-	-	0.0	0.0	4434.0	47.5	4257.0	-22.0
01:05:01, Friday, October 25, 2024	7984.156	2806.6	4561.1	3786.9	61.5	-3.4	3891.0	10.9	3641.0	-1067.0	82.6	-	-	0.0	0.0	3891.0	10.9	3641.0	-1067.0
01:05:01, Friday, October 25, 2024	7984.281	2908.8	4576.4	3834.3	63.6	-3.4	3636.8	-73.2	3619.0	-1089.0	94.1	-	-	0.0	0.0	3636.8	-73.2	3619.0	-1089.0
01:05:01, Friday, October 25, 2024	7984.437	2929.2	4607.9	3860.9	63.6	-3.3	3617.5	-324.8	3333.0	-264.0	90.1	-	-	0.0	0.0	3617.5	-324.8	3333.0	-264.0
01:05:01, Friday, October 25, 2024	7984.562	2915.1	4578.7	3838.2	63.7	-3.4	3048.0	-270.6	2838.0	-341.0	86.7	-	-	0.0	0.0	3048.0	-270.6	2838.0	-341.0
01:05:02, Friday, October 25, 2024	7984.672	2996.4	4653.1	3913.4	64.4	-3.3	2620.1	-405.8	2563.0	-176.0	85.4	-	-	0.0	0.0	2620.1	-405.8	2563.0	-176.0
01:05:02, Friday, October 25, 2024	7984.797	3653.2	5422.0	4623.0	67.4	-1.8	2623.6	-322.9	2332.0	-1034.0	43.0	-	-	0.0	0.0	2623.6	-322.9	2332.0	-1034.0
01:05:02, Friday, October 25, 2024	7984.906	3633.6	5380.8	4591.1	67.5	-1.9	2549.6	-201.3	2299.0	-924.0	44.0	-	-	0.0	0.0	2549.6	-201.3	2299.0	-924.0
01:05:02, Friday, October 25, 2024	7985.062	3638.0	5400.3	4604.2	67.4	-1.9	2346.7	-142.4	2101.0	-88.0	43.0	-	-	0.0	0.0	2346.7	-142.4	2101.0	-88.0
01:05:02, Friday, October 25, 2024	7985.172	2966.0	4607.5	3874.7	64.4	-3.4	2097.5	-28.8	1870.0	-748.0	82.7	-	-	0.0	0.0	2097.5	-28.8	1870.0	-748.0
01:05:02, Friday, October 25, 2024	7985.281	2999.1	4628.8	3900.0	64.8	-3.4	2015.2	45.5	1804.0	209.0	83.9	-	-	0.0	0.0	2015.2	45.5	1804.0	209.0
01:05:02, Friday, October 25, 2024	7985.406	2942.8	4566.2	3841.2	64.4	-3.5	1886.8	103.5	1903.0	-363.0	87.5	-	-	0.0	0.0	1886.8	103.5	1903.0	-363.0
01:05:02, Friday, October 25, 2024	7985.515	2939.5	4600.1	3860.1	63.9	-3.4	1533.6	145.9	1430.0	-550.0	86.1	-	-	0.0	0.0	1533.6	145.9	1430.0	-550.0
01:05:03, Friday, October 25, 2024	7985.625	2955.6	4577.8	3853.1	64.6	-3.4	1393.8	-163.8	1210.0	0.0	87.4	-	-	0.0	0.0	1393.8	-163.8	1210.0	0.0
01:05:03, Friday, October 25, 2024	7985.734	2948.6	4556.3	3837.6	64.7	-3.5	1472.4	-217.1	1276.0	-275.0	86.8	-	-	0.0	0.0	1472.4	-217.1	1276.0	-275.0
01:05:03, Friday, October 25, 2024	7985.844	2992.0	4580.6	3868.7	65.3	-3.5	1589.7	-256.8	1562.0	-726.0	87.8	-	-	0.0	0.0	1589.7	-256.8	1562.0	-726.0
01:05:03, Friday, October 25, 2024	7985.953	2950.8	4571.4	3847.4	64.5	-3.4	1625.0	-156.8	1375.0	-869.0	87.4	-	-	0.0	0.0	1625.0	-156.8	1375.0	-869.0
01:05:03, Friday, October 25, 2024	7986.078	2970.8	4571.7	3855.3	65.0	-3.5	1567.1	65.8	1309.0	132.0	86.8	-	-	0.0	0.0	1567.1	65.8	1309.0	132.0
01:05:03, Friday, October 25, 2024	7986.187	2993.4	4653.2	3912.3	64.3	-3.3	1391.3	554.4	1254.0	44.0	83.0	-	-	0.0	0.0	1391.3	554.4	1254.0	44.0
01:05:03, Friday, October 25, 2024	7986.297	2946.8	4643.7	3888.9	63.5	-3.3	1219.4	885.8	1023.0	165.0	85.7	-	-	0.0	0.0	1219.4	885.8	1023.0	165.0
01:05:03, Friday, October 25, 2024	7986.437	2966.2	4686.9	3922.1	63.3	-3.2	1197.3	901.9	1045.0	187.0	84.3	-	-	0.0	0.0	1197.3	901.9	1045.0	187.0
01:05:03, Friday, October 25, 2024	7986.594	2980.9	4685.0	3926.5	63.6	-3.2	1161.4	781.7	957.0	88.0	84.2	-	-	0.0	0.0	1161.4	781.7	957.0	88.0
01:05:04, Friday, October 25, 2024	7986.765	2941.8	4648.6	3889.9	63.3	-3.2	1199.9	635.1	1001.0	572.0	85.0	-	-	0.0	0.0	1199.9	635.1	1001.0	572.0
01:05:04, Friday, October 25, 2024	7986.937	2971.8	4670.1	3914.2	63.6	-3.2	1387.3	606.6	1331.0	-121.0	85.8	-	-	0.0	0.0	1387.3	606.6	1331.0	-121.0
01:05:04, Friday, October 25, 2024	7987.031	2972.4	4627.4	3889.0	64.2	-3.4	791.1	1764.9	528.0	1694.0	85.6	-	-	0.0	0.0	791.1	1764.9	528.0	1694.0
01:05:04, Friday, October 25, 2024	7987.140	12809.5	12922.7	12866.2	99.1	14.9	45.6	-12.3	-44.0	-3630.0	3.5	-	-	0.0	0.0	45.6	-12.3	-44.0	-3630.0
01:05:04, Friday, October 25, 2024	7987.250	12810.3	12922.0	12866.3	99.1	17.2	44.1	-11.8	-649.0	-3696.0	3.5	-	-	0.0	0.0	44.1	-11.8	-649.0	-3696.0
01:05:04, Friday, October 25, 2024	7987.359	12809.1	12924.4	12866.8	99.1	16.2	45.4	-12.2	1804.0	-4697.0	3.5	-	-	0.0	0.0	45.4	-12.2	1804.0	-4697.0
01:05:04, Friday, October 25, 2024	7987.469	12809.5	12927.8	12868.8	99.1	17.7	46.4	-21.2	3322.0	-4642.0	3.4	-	-	0.0	0.0	46.4	-21.2	3322.0	-4642.0
01:05:04, Friday, October 25, 2024	7987.578	12805.7	12921.9	12863.9	99.1	17.3	45.4	-12.7	5214.0	-3630.0	3.4	-	-	0.0	0.0	45.4	-12.7	5214.0	-3630.0
01:05:05, Friday, October 25, 2024	7987.687	12873.2	12990.5	12932.0	99.1	15.5	35.2	44.6	660.0	4048.0	8.4	-	-	0.0	0.0	35.2	44.6	660.0	4048.0
01:05:05, Friday, October 25, 2024	7987.828	12871.6	12989.1	12930.5	99.1	13.6	35.2	47.7	3982.0	-4136.0	8.2	-	-	0.0	0.0	35.2	47.7	3982.0	-4136.0
01:05:05, Friday, October 25, 2024	7987.969	12872.8	12990.9	12932.0	99.1	15.1	35.6	50.9	-4972.0	2024.0	8.2	-	-	0.0	0.0	35.6	50.9	-4972.0	2024.0
01:05:05, Friday, October 25, 2024	7988.219	12930.9	13048.7	12989.9	99.1	11.3	27.9	71.6	660.0	4048.0	18.0	-	-	0.0	0.0	27.9	71.6	660.0	4048.0
01:05:05, Friday, October 25, 2024	7988.484	12928.9	13045.4	12987.3	99.1	11.1	28.3	79.0	-341.0	-2079.0	18.0	-	-	0.0	0.0	28.3	79.0	-341.0	-2079.0
01:05:06, Friday, October 25, 2024	7988.719	12928.9	13047.9	12988.5	99.1	11.1	29.1	79.4	2706.0	-2640.0	17.9	-	-	0.0	0.0	29.1	79.4	2706.0	-2640.0
01:05:06, Friday, October 25, 2024	7988.984	12928.5	13050.0	12989.4	99.1	10.3	28.7	81.8	660.0	4048.0	17.9	-	-	0.0	0.0	28.7	81.8	660.0	4048.0
01:05:06, Friday, October 25, 2024	7989.203	12928.8	13045.1	12987.1	99.1	10.5	29.5	81.0	2706.0	-2640.0	17.9	-	-	0.0	0.0	29.5	81.0	2706.0	-2640.0
01:05:06, Friday, October 25, 2024	7989.484	12929.0	13046.4	12987.8	99.1	11.0	28.9	78.8	2706.0	-2640.0	17.8	-	-	0.0	0.0	28.9	78.8	2706.0	-2640.0
01:05:07, Friday, October 25, 2024	7989.734	12929.1	13046.2	12987.8	99.1	11.3	29.6	77.8	4928.0	-3146.0	17.3	-	-	0.0	0.0	29.6	77.8	4928.0	-3146.0
01:05:07, Friday, October 25, 2024	7990.000	12929.0	13045.7	12987.4	99.1	11.3	28.5	82.4	-33.0	-726.0	17.6	-	-	0.0	0.0	28.5	82.4	-33.0	-726.0
01:05:07, Friday, October 25, 2024	7990.234	12931.3	13048.6	12990.1	99.1	11.2	29.4	80.7	4928.0	-3146.0	17.8	-	-	0.0	0.0	29.4	80.7	4928.0	-3146.0
01:05:07, Friday, October 25, 2024	7990.500	12928.7	13044.0	12986.5	99.1	11.1	29.0	80.6	660.0	4048.0	17.8	-	-	0.0	0.0	29.0	80.6	660.0	4048.0
01:05:08, Friday, October 25, 2024	7990.750	12929.5	13047.7	12988.7	99.1	11.3	29.1	80.2	4928.0	-3146.0	17.8	-	-	0.0	0.0	29.1	80.2	4928.0	-3146.0
01:05:08, Friday, October 25, 2024	7991.015	12931.1	13048.9	12990.1	99.1	11.6	29.7	81.0	-341.0	-2079.0	17.6	-	-	0.0	0.0	29.7	81.0	-341.0	-2079.0
01:05:08, Friday, October 25, 2024	7991.250	12929.9	13048.0	12989.1	99.1	11.6	28.5	79.5	2706.0	-2640.0	17.9	-	-	0.0	0.0	28.5	79.5	2706.0	-2640.0
01:05:08, Friday, October 25, 2024	7991.515	12930.0	13044.6	12987.4	99.1	11.2	28.7	77.2	2706.0	-2640.0	17.5	-	-	0.0	0.0	28.7	77.2	2706.0	-2640.0
01:05:09, Friday, October 25, 2024	7991.765	12930.9	13046.2	12988.6	99.1	11.3	28.8	83.4	660.0	4048.0	17.8	-	-	0.0	0.0	28.8	83.4	660.0	4048.0
01:05:09, Friday, October 25, 2024	7992.015	12929.5	13044.7	12987.2	99.1	11.9	28.2	85.3	660.0	4048.0	18.1	-	-	0.0	0.0	28.2	85.3	660.0	4048.0
01:05:09, Friday, October 25, 2024	7992.281	12928.9	13048.1	12988.6	99.1	10.8	28.7	82.3	-341.0	-2079.0	17.7	-	-	0.0	0.0	28.7	82.3	-341.0	-2079.0
01:05:09, Friday, October 25, 2024	7992.531	12927.0	13049.7	12988.5	99.1	10.6	29.9	85.0	-341.0	-2079.0	18.1	-	-	0.0	0.0	29.9	85.0	-341.0	-2079.0
01:05:10, Friday, October 25, 2024	7992.781	12931.0	13048.1	12989.7	99.1	11.6	27.8	83.0	660.0	4048.0	17.8	-	-	0.0	0.0	27.8	83.0	660.0	4048.0
01:05:10, Friday, October 25, 2024	7993.031	12930.9	13049.3	12990.2	99.1	11.4	28.9	81.1	-33.0	-726.0	17.9	-	-	0.0	0.0	28.9	81.1	-33.0	-726.0
01:05:10, Friday, October 25, 2024	7993.297	12931.1	13048.0	12989.7	99.1	12.1	29.1	80.4	660.0	4048.0	17.5	-	-	0.0	0.0	29.1	80.4	660.0	4048.0
01:05:10, Friday, October 25, 2024	7993.547	12931.1	13050.0	12990.7	99.1	11.5	27.7	82.0	2706.0	-2640.0	17.4	-	-	0.0	0.0	27.7	82.0	2706.0	-2640.0
01:05:11, Friday, October 25, 2024	7993.797	12929.9	13045.2	12987.7	99.1	11.2	29.1	79.6	-33.0	-726.0	17.9	-	-	0.0	0.0	29.1	79.6	-33.0	-726.0
01:05:11, Friday, October 25, 2024	7994.062	12928.5	13047.1	12988.0	99.1	10.6	28.4	81.0	660.0	4048.0	18.1	-	-	0.0	0.0	28.4	81.0	660.0	4048.0
01:05:11, Friday, October 25, 2024	7994.312	12930.5	13048.2	12989.4	99.1	11.3	28.6	80.7	660.0	4048.0	17.8	-	-	0.0	0.0	28.6	80.7	660.0	4048.0
01:05:11, Friday, October 25, 2024	7994.562	12930.0	13047.9	12989.1	99.1	11.0	28.7	80.6	-341.0	-2079.0	17.6	-	-	0.0	0.0	28.7	80.6	-341.0	-2079.0
01:05:12, Friday, October 25, 2024	7994.844	12930.7	13047.1	12989.0	99.1	11.3	27.8	81.7	4928.0	-3146.0	17.4	-	-	0.0	0.0	27.8	81.7	4928.0	-3146.0
01:05:12, Friday, October 25, 2024	7995.078	12930.0	13045.5	12987.9	99.1	11.3	29.1	81.9	4928.0	-3146.0	17.5	-	-	0.0	0.0	29.1	81.9	4928.0	-3146.0
01:05:12, Friday, October 25, 2024	7995.328	12929.3	13041.6	12985.5	99.1	11.3	28.9	84.1	4928.0	-3146.0	17.9	-	-	0.0	0.0	28.9	84.1	4928.0	-3146.0
01:05:13, Friday, October 25, 2024	7995.625	12930.5	13048.7	12989.8	99.1	11.3	28.8	78.3	660.0	4048.0	17.8	-	-	0.0	0.0	28.8	78.3	660.0	4048.0
01:05:13, Friday, October 25, 2024	7995.844	12929.3	13045.1	12987.3	99.1	11.4	28.3	86.5	-341.0	-2079.0	17.9	-	-	0.0	0.0	28.3	86.5	-341.0	-2079.0
01:05:13, Friday, October 25, 2024	7996.094	12930.9	13046.4	12988.8	99.1	11.5	28.5	78.2	2706.0	-2640.0	17.6	-	-	0.0	0.0	28.5	78.2	2706.0	-2640.0
01:05:13, Friday, October 25, 2024	7996.359	12928.9	13048.6	12988.9	99.1	10.4	29.9	82.5	660.0	4048.0	17.6	-	-	0.0	0.0	29.9	82.5	660.0	4048.0
01:05:13, Friday, October 25, 2024	7996.594	12929.4	13047.0	12988.3	99.1	11.3	28.8	80.3	-341.0	-2079.0	17.9	-	-	0.0	0.0	28.8	80.3	-341.0	-2079.0
01:05:14, Friday, October 25, 2024	7996.844	12929.6	13047.0	12988.4	99.1	10.9	28.6	81.9	660.0	4048.0	17.9	-	-	0.0	0.0	28.6	81.9	660.0	4048.0
01:05:14, Friday, October 25, 2024	7997.094	12930.8	13051.2	12991.1	99.1	10.4	28.7	81.7	660.0	4048.0	17.7	-	-	0.0	0.0	28.7	81.7	660.0	4048.0
01:05:14, Friday, October 25, 2024	7997.344	12930.3	13048.0	12989.3	99.1	11.2	27.4	83.4	660.0	4048.0	17.8	-	-	0.0	0.0	27.4	83.4	660.0	4048.0
01:05:14, Friday, October 25, 2024	7997.594	12931.0	13046.4	12988.8	99.1	12.1	27.9	79.0	660.0	4048.0	18.1	-	-	0.0	0.0	27.9	79.0	660.0	4048.0
01:05:15, Friday, October 25, 2024	7997.859	12929.3	13046.6	12988.0	99.1	10.9	28.5	86.3	-341.0	-2079.0	17.4	-	-	0.0	0.0	28.5	86.3	-341.0	-2079.0
01:05:15, Friday, October 25, 2024	7998.094	12931.7	13049.8	12990.9	99.1	11.1	29.3	81.4	-341.0	-2079.0	17.9	-	-	0.0	0.0	29.3	81.4	-341.0	-2079.0
01:05:15, Friday, October 25, 2024	7998.359	12929.8	13047.6	12988.8	99.1	11.1	28.5	80.1	4851.0	-2277.0	17.5	-	-	0.0	0.0	28.5	80.1	4851.0	-2277.0
01:05:15, Friday, October 25, 2024	7998.594	12930.9	13050.5	12990.8	99.1	11.1	28.7	82.4	-33.0	-726.0	17.7	-	-	0.0	0.0	28.7	82.4	-33.0	-726.0
01:05:16, Friday, October 25, 2024	7998.859	12929.2	13045.4	12987.4	99.1	11.1	28.6	82.4	4928.0	-3146.0	17.6	-	-	0.0	0.0	28.6	82.4	4928.0	-3146.0
01:05:16, Friday, October 25, 2024	7999.125	12931.1	13048.9	12990.1	99.1	11.6	27.9	82.1	-33.0	-726.0	18.0	-	-	0.0	0.0	27.9	82.1	-33.0	-726.0
01:05:16, Friday, October 25, 2024	7999.375	12933.0	13047.6	12990.5	99.1	12.8	27.3	78.4	-33.0	-726.0	18.0	-	-	0.0	0.0	27.3	78.4	-33.0	-726.0
01:05:17, Friday, October 25, 2024	7999.640	12930.7	13048.2	12989.6	99.1	11.5	26.8	79.0	4928.0	-3146.0	17.7	-	-	0.0	0.0	26.8	79.0	4928.0	-3146.0
01:05:17, Friday, October 25, 2024	7999.890	12931.6	13046.9	12989.4	99.1	12.2	27.0	81.6	660.0	4048.0	17.4	-	-	0.0	0.0	27.0	81.6	660.0	4048.0
01:05:17, Friday, October 25, 2024	8000.140	12932.5	13047.0	12989.9	99.1	11.9	27.1	81.2	660.0	4048.0	17.7	-	-	0.0	0.0	27.1	81.2	660.0	4048.0
01:05:17, Friday, October 25, 2024	8000.406	12928.1	13047.2	12987.8	99.1	10.9	27.8	82.9	4928.0	-3146.0	17.5	-	-	0.0	0.0	27.8	82.9	4928.0	-3146.0
01:05:18, Friday, October 25, 2024	8000.656	12929.4	13048.6	12989.1	99.1	11.0	27.4	82.0	2706.0	-2640.0	17.9	-	-	0.0	0.0	27.4	82.0	2706.0	-2640.0
01:05:18, Friday, October 25, 2024	8000.906	12929.3	13049.8	12989.7	99.1	10.5	28.7	79.9	660.0	4048.0	17.8	-	-	0.0	0.0	28.7	79.9	660.0	4048.0
01:05:18, Friday, October 25, 2024	8001.156	12929.8	13044.5	12987.3	99.1	11.7	28.6	80.5	4928.0	-3146.0	17.6	-	-	0.0	0.0	28.6	80.5	4928.0	-3146.0
01:05:18, Friday, October 25, 2024	8001.406	12929.6	13047.3	12988.6	99.1	11.1	28.6	79.9	660.0	4048.0	18.0	-	-	0.0	0.0	28.6	79.9	660.0	4048.0
01:05:19, Friday, October 25, 2024	8001.672	12930.6	13051.7	12991.3	99.1	10.9	28.7	80.0	660.0	4048.0	17.9	-	-	0.0	0.0	28.7	80.0	660.0	4048.0
01:05:19, Friday, October 25, 2024	8001.890	12929.8	13053.8	12991.9	99.1	11.3	28.6	81.1	660.0	4048.0	18.0	-	-	0.0	0.0	28.6	81.1	660.0	4048.0
01:05:19, Friday, October 25, 2024	8002.172	12931.2	13049.6	12990.6	99.1	11.7	28.3	82.1	-33.0	-726.0	17.8	-	-	0.0	0.0	28.3	82.1	-33.0	-726.0
01:05:19, Friday, October 25, 2024	8002.437	12929.8	13050.4	12990.2	99.1	11.2	29.0	82.0	660.0	4048.0	17.8	-	-	0.0	0.0	29.0	82.0	660.0	4048.0
01:05:20, Friday, October 25, 2024	8002.687	12931.2	13052.8	12992.2	99.1	11.3	28.9	78.4	4928.0	-3146.0	17.7	-	-	0.0	0.0	28.9	78.4	4928.0	-3146.0
01:05:20, Friday, October 25, 2024	8002.922	12928.9	13042.0	12985.6	99.1	11.9	29.1	83.7	-341.0	-2079.0	18.0	-	-	0.0	0.0	29.1	83.7	-341.0	-2079.0
01:05:20, Friday, October 25, 2024	8003.172	12928.8	13046.6	12987.8	99.1	11.1	28.8	81.1	660.0	4048.0	18.0	-	-	0.0	0.0	28.8	81.1	660.0	4048.0
01:05:20, Friday, October 25, 2024	8003.422	12930.4	13047.2	12989.0	99.1	11.6	27.6	79.0	660.0	4048.0	17.8	-	-	0.0	0.0	27.6	79.0	660.0	4048.0
01:05:21, Friday, October 25, 2024	8003.687	12929.5	13047.4	12988.6	99.1	10.9	28.4	82.9	660.0	4048.0	17.5	-	-	0.0	0.0	28.4	82.9	660.0	4048.0
01:05:21, Friday, October 25, 2024	8003.953	12932.3	13048.6	12990.6	99.1	12.1	27.8	82.5	660.0	4048.0	17.8	-	-	0.0	0.0	27.8	82.5	660.0	4048.0
01:05:21, Friday, October 25, 2024	8004.203	12931.0	13048.5	12989.9	99.1	11.8	28.7	80.0	3465.0	-4444.0	17.8	-	-	0.0	0.0	28.7	80.0	3465.0	-4444.0
01:05:21, Friday, October 25, 2024	8004.469	12931.1	13047.2	12989.3	99.1	11.6	28.1	78.3	660.0	4048.0	17.8	-	-	0.0	0.0	28.1	78.3	660.0	4048.0
01:05:22, Friday, October 25, 2024	8004.734	12931.3	13047.6	12989.6	99.1	11.6	28.6	80.7	4928.0	-3146.0	17.7	-	-	0.0	0.0	28.6	80.7	4928.0	-3146.0
01:05:22, Friday, October 25, 2024	8004.984	12929.4	13047.0	12988.3	99.1	11.0	27.7	83.1	-33.0	-726.0	17.6	-	-	0.0	0.0	27.7	83.1	-33.0	-726.0
01:05:22, Friday, October 25, 2024	8005.234	12930.9	13049.1	12990.1	99.1	11.4	28.0	80.3	660.0	4048.0	17.9	-	-	0.0	0.0	28.0	80.3	660.0	4048.0
01:05:22, Friday, October 25, 2024	8005.500	12932.6	13046.4	12989.6	99.1	12.0	28.1	80.3	2706.0	-2640.0	18.1	-	-	0.0	0.0	28.1	80.3	2706.0	-2640.0
01:05:23, Friday, October 25, 2024	8005.750	12929.4	13043.7	12986.7	99.1	11.4	28.4	82.7	660.0	4048.0	17.5	-	-	0.0	0.0	28.4	82.7	660.0	4048.0
01:05:23, Friday, October 25, 2024	8006.015	12930.3	13049.2	12989.9	99.1	10.7	29.7	82.2	660.0	4048.0	17.4	-	-	0.0	0.0	29.7	82.2	660.0	4048.0
01:05:23, Friday, October 25, 2024	8006.265	12931.1	13049.8	12990.5	99.1	11.1	28.4	82.1	-33.0	-726.0	18.2	-	-	0.0	0.0	28.4	82.1	-33.0	-726.0
01:05:23, Friday, October 25, 2024	8006.515	12930.3	13048.7	12989.6	99.1	11.1	28.8	80.1	-2057.0	2156.0	17.5	-	-	0.0	0.0	28.8	80.1	-2057.0	2156.0
01:05:24, Friday, October 25, 2024	8006.765	12933.1	13054.5	12993.9	99.1	11.7	28.6	78.6	-33.0	-726.0	18.0	-	-	0.0	0.0	28.6	78.6	-33.0	-726.0
01:05:24, Friday, October 25, 2024	8007.015	12929.4	13044.3	12987.0	99.1	10.9	29.5	78.2	-341.0	-2079.0	17.7	-	-	0.0	0.0	29.5	78.2	-341.0	-2079.0
01:05:24, Friday, October 25, 2024	8007.281	12930.1	13048.4	12989.4	99.1	11.4	27.7	80.9	3465.0	-4444.0	17.8	-	-	0.0	0.0	27.7	80.9	3465.0	-4444.0
01:05:24, Friday, October 25, 2024	8007.515	12929.9	13042.0	12986.1	99.1	11.9	29.2	77.6	660.0	4048.0	17.8	-	-	0.0	0.0	29.2	77.6	660.0	4048.0
01:05:25, Friday, October 25, 2024	8007.781	12931.7	13044.4	12988.2	99.1	12.2	28.5	79.2	-341.0	-2079.0	18.3	-	-	0.0	0.0	28.5	79.2	-341.0	-2079.0
01:05:25, Friday, October 25, 2024	8008.062	12929.9	13045.3	12987.7	99.1	11.5	28.4	80.8	-33.0	-726.0	17.7	-	-	0.0	0.0	28.4	80.8	-33.0	-726.0
01:05:25, Friday, October 25, 2024	8008.328	12929.4	13048.6	12989.1	99.1	11.1	28.2	81.5	2706.0	-2640.0	17.5	-	-	0.0	0.0	28.2	81.5	2706.0	-2640.0
01:05:25, Friday, October 25, 2024	8008.578	12929.4	13044.5	12987.1	99.1	11.2	28.9	80.9	-33.0	-726.0	17.9	-	-	0.0	0.0	28.9	80.9	-33.0	-726.0
01:05:26, Friday, October 25, 2024	8008.812	12931.6	13050.0	12990.9	99.1	11.5	27.5	80.5	-33.0	-726.0	18.1	-	-	0.0	0.0	27.5	80.5	-33.0	-726.0
01:05:26, Friday, October 25, 2024	8009.062	12930.4	13047.3	12989.0	99.1	11.0	28.7	80.3	-341.0	-2079.0	17.8	-	-	0.0	0.0	28.7	80.3	-341.0	-2079.0
01:05:26, Friday, October 25, 2024	8009.312	12930.2	13051.9	12991.2	99.1	10.5	28.0	80.6	-341.0	-2079.0	18.2	-	-	0.0	0.0	28.0	80.6	-341.0	-2079.0
01:05:26, Friday, October 25, 2024	8009.578	12932.0	13048.3	12990.3	99.1	12.1	27.7	82.1	660.0	4048.0	18.1	-	-	0.0	0.0	27.7	82.1	660.0	4048.0
01:05:27, Friday, October 25, 2024	8009.812	12930.0	13048.5	12989.4	99.1	10.8	28.7	81.9	660.0	4048.0	17.8	-	-	0.0	0.0	28.7	81.9	660.0	4048.0
01:05:27, Friday, October 25, 2024	8010.078	12931.3	13046.2	12988.9	99.1	11.5	28.0	80.5	660.0	4048.0	17.9	-	-	0.0	0.0	28.0	80.5	660.0	4048.0
01:05:27, Friday, October 25, 2024	8010.328	12930.2	13047.4	12988.9	99.1	11.6	28.5	83.9	-33.0	-726.0	17.5	-	-	0.0	0.0	28.5	83.9	-33.0	-726.0
01:05:27, Friday, October 25, 2024	8010.594	12930.7	13046.3	12988.6	99.1	12.0	28.7	81.5	-341.0	-2079.0	17.7	-	-	0.0	0.0	28.7	81.5	-341.0	-2079.0
01:05:28, Friday, October 25, 2024	8010.828	12930.5	13046.2	12988.5	99.1	11.3	29.4	85.0	2706.0	-2640.0	17.5	-	-	0.0	0.0	29.4	85.0	2706.0	-2640.0
01:05:28, Friday, October 25, 2024	8011.078	12930.1	13050.0	12990.2	99.1	10.5	28.1	79.7	4928.0	-3146.0	17.8	-	-	0.0	0.0	28.1	79.7	4928.0	-3146.0
01:05:28, Friday, October 25, 2024	8011.344	12930.8	13045.5	12988.3	99.1	11.5	28.4	76.5	-33.0	-726.0	17.9	-	-	0.0	0.0	28.4	76.5	-33.0	-726.0
01:05:28, Friday, October 25, 2024	8011.609	12930.8	13051.2	12991.1	99.1	10.9	28.5	77.3	-341.0	-2079.0	18.0	-	-	0.0	0.0	28.5	77.3	-341.0	-2079.0
01:05:29, Friday, October 25, 2024	8011.844	12930.2	13045.8	12988.1	99.1	11.1	29.2	78.7	3465.0	-4444.0	17.3	-	-	0.0	0.0	29.2	78.7	3465.0	-4444.0
01:05:29, Friday, October 25, 2024	8012.125	12930.2	13046.3	12988.4	99.1	11.5	28.6	76.1	-33.0	-726.0	17.8	-	-	0.0	0.0	28.6	76.1	-33.0	-726.0
01:05:29, Friday, October 25, 2024	8012.359	12930.7	13051.0	12991.0	99.1	11.3	28.9	80.5	3465.0	-4444.0	17.4	-	-	0.0	0.0	28.9	80.5	3465.0	-4444.0
01:05:29, Friday, October 25, 2024	8012.625	12931.8	13048.2	12990.1	99.1	11.5	28.5	81.3	-341.0	-2079.0	17.8	-	-	0.0	0.0	28.5	81.3	-341.0	-2079.0
01:05:30, Friday, October 25, 2024	8012.875	12931.5	13049.1	12990.4	99.1	11.8	28.9	78.2	-341.0	-2079.0	17.9	-	-	0.0	0.0	28.9	78.2	-341.0	-2079.0
01:05:30, Friday, October 25, 2024	8013.140	12929.7	13049.5	12989.7	99.1	10.8	29.8	78.1	660.0	4048.0	17.8	-	-	0.0	0.0	29.8	78.1	660.0	4048.0
01:05:30, Friday, October 25, 2024	8013.375	12931.8	13055.2	12993.6	99.1	11.3	28.5	79.0	4928.0	-3146.0	17.9	-	-	0.0	0.0	28.5	79.0	4928.0	-3146.0
01:05:31, Friday, October 25, 2024	8013.640	12932.0	13048.3	12990.3	99.1	11.9	28.6	79.1	-341.0	-2079.0	18.0	-	-	0.0	0.0	28.6	79.1	-341.0	-2079.0
01:05:31, Friday, October 25, 2024	8013.906	12931.4	13048.2	12989.9	99.1	11.5	28.4	78.4	-33.0	-726.0	17.6	-	-	0.0	0.0	28.4	78.4	-33.0	-726.0
01:05:31, Friday, October 25, 2024	8014.172	12928.6	13046.2	12987.6	99.1	11.2	28.4	80.7	4928.0	-3146.0	18.2	-	-	0.0	0.0	28.4	80.7	4928.0	-3146.0
01:05:31, Friday, October 25, 2024	8014.422	12931.2	13048.1	12989.8	99.1	11.4	29.0	81.5	-341.0	-2079.0	18.2	-	-	0.0	0.0	29.0	81.5	-341.0	-2079.0
01:05:32, Friday, October 25, 2024	8014.687	12931.0	13044.6	12987.9	99.1	11.6	28.5	77.6	4928.0	-3146.0	17.8	-	-	0.0	0.0	28.5	77.6	4928.0	-3146.0
01:05:32, Friday, October 25, 2024	8014.937	12929.6	13046.5	12988.2	99.1	11.0	29.0	77.2	4928.0	-3146.0	17.7	-	-	0.0	0.0	29.0	77.2	4928.0	-3146.0
01:05:32, Friday, October 25, 2024	8015.187	12930.2	13049.3	12989.9	99.1	11.2	28.1	78.6	2706.0	-2640.0	17.8	-	-	0.0	0.0	28.1	78.6	2706.0	-2640.0
01:05:32, Friday, October 25, 2024	8015.437	12931.4	13047.0	12989.3	99.1	11.7	28.4	79.3	-33.0	-726.0	17.6	-	-	0.0	0.0	28.4	79.3	-33.0	-726.0
01:05:33, Friday, October 25, 2024	8015.687	12928.5	13047.0	12987.9	99.1	11.0	29.1	79.3	-341.0	-2079.0	17.6	-	-	0.0	0.0	29.1	79.3	-341.0	-2079.0
01:05:33, Friday, October 25, 2024	8015.953	12930.4	13049.3	12990.0	99.1	10.7	29.3	79.3	-33.0	-726.0	18.0	-	-	0.0	0.0	29.3	79.3	-33.0	-726.0
01:05:33, Friday, October 25, 2024	8016.219	12929.2	13049.6	12989.6	99.1	10.4	28.7	81.6	-33.0	-726.0	17.8	-	-	0.0	0.0	28.7	81.6	-33.0	-726.0
01:05:33, Friday, October 25, 2024	8016.469	12930.1	13044.2	12987.3	99.1	11.5	28.7	83.0	660.0	4048.0	18.1	-	-	0.0	0.0	28.7	83.0	660.0	4048.0
01:05:34, Friday, October 25, 2024	8016.719	12929.6	13045.4	12987.7	99.1	10.6	29.7	79.7	660.0	4048.0	17.6	-	-	0.0	0.0	29.7	79.7	660.0	4048.0
01:05:34, Friday, October 25, 2024	8016.984	12931.6	13047.7	12989.8	99.1	12.1	28.7	78.2	-341.0	-2079.0	18.0	-	-	0.0	0.0	28.7	78.2	-341.0	-2079.0
01:05:34, Friday, October 25, 2024	8017.250	12929.6	13048.5	12989.2	99.1	11.4	28.2	81.5	4928.0	-3146.0	17.6	-	-	0.0	0.0	28.2	81.5	4928.0	-3146.0
01:05:34, Friday, October 25, 2024	8017.484	12928.7	13045.0	12986.9	99.1	10.9	29.1	83.4	660.0	4048.0	18.2	-	-	0.0	0.0	29.1	83.4	660.0	4048.0
01:05:35, Friday, October 25, 2024	8017.734	12930.2	13043.9	12987.2	99.1	11.3	29.8	79.1	660.0	4048.0	17.4	-	-	0.0	0.0	29.8	79.1	660.0	4048.0
01:05:35, Friday, October 25, 2024	8018.000	12928.8	13044.9	12987.0	99.1	11.3	27.9	79.7	660.0	4048.0	17.8	-	-	0.0	0.0	27.9	79.7	660.0	4048.0
01:05:35, Friday, October 25, 2024	8018.250	12929.6	13048.6	12989.2	99.1	10.9	29.6	80.2	-33.0	-726.0	18.0	-	-	0.0	0.0	29.6	80.2	-33.0	-726.0
01:05:35, Friday, October 25, 2024	8018.531	12929.0	13047.3	12988.3	99.1	10.8	28.2	82.0	660.0	4048.0	17.9	-	-	0.0	0.0	28.2	82.0	660.0	4048.0
01:05:36, Friday, October 25, 2024	8018.765	12928.5	13045.3	12987.0	99.1	11.1	29.8	80.0	4928.0	-3146.0	17.8	-	-	0.0	0.0	29.8	80.0	4928.0	-3146.0
01:05:36, Friday, October 25, 2024	8019.047	12927.5	13045.3	12986.5	99.1	11.0	29.4	81.8	2706.0	-2640.0	17.9	-	-	0.0	0.0	29.4	81.8	2706.0	-2640.0
01:05:36, Friday, October 25, 2024	8019.297	12929.3	13044.8	12987.2	99.1	11.6	27.6	80.4	2706.0	-2640.0	17.5	-	-	0.0	0.0	27.6	80.4	2706.0	-2640.0
01:05:36, Friday, October 25, 2024	8019.547	12928.7	13046.4	12987.7	99.1	11.4	27.7	79.3	2706.0	-2640.0	17.8	-	-	0.0	0.0	27.7	79.3	2706.0	-2640.0
01:05:37, Friday, October 25, 2024	8019.812	12930.0	13048.4	12989.3	99.1	11.7	26.2	78.9	4928.0	-3146.0	17.6	-	-	0.0	0.0	26.2	78.9	4928.0	-3146.0
01:05:37, Friday, October 25, 2024	8020.094	12929.8	13050.8	12990.5	99.1	11.2	28.2	78.2	4851.0	-2277.0	17.2	-	-	0.0	0.0	28.2	78.2	4851.0	-2277.0
01:05:37, Friday, October 25, 2024	8020.328	12929.6	13044.9	12987.4	99.1	11.6	27.9	82.5	2706.0	-2640.0	17.3	-	-	0.0	0.0	27.9	82.5	2706.0	-2640.0
01:05:37, Friday, October 25, 2024	8020.578	12930.1	13046.1	12988.2	99.1	10.9	27.8	79.4	4928.0	-3146.0	17.6	-	-	0.0	0.0	27.8	79.4	4928.0	-3146.0
01:05:38, Friday, October 25, 2024	8020.828	12929.3	13050.8	12990.2	99.1	10.7	28.1	81.3	2706.0	-2640.0	17.4	-	-	0.0	0.0	28.1	81.3	2706.0	-2640.0
01:05:38, Friday, October 25, 2024	8021.078	12930.0	13044.9	12987.6	99.1	11.7	27.0	80.8	3465.0	-4444.0	17.3	-	-	0.0	0.0	27.0	80.8	3465.0	-4444.0
01:05:38, Friday, October 25, 2024	8021.344	12929.8	13044.1	12987.1	99.1	11.7	27.8	78.1	4928.0	-3146.0	17.8	-	-	0.0	0.0	27.8	78.1	4928.0	-3146.0
01:05:38, Friday, October 25, 2024	8021.594	12929.0	13047.2	12988.2	99.1	11.0	27.0	79.7	660.0	4048.0	17.4	-	-	0.0	0.0	27.0	79.7	660.0	4048.0
01:05:39, Friday, October 25, 2024	8021.859	12928.8	13046.1	12987.6	99.1	10.5	27.2	83.4	4928.0	-3146.0	17.4	-	-	0.0	0.0	27.2	83.4	4928.0	-3146.0
01:05:39, Friday, October 25, 2024	8022.125	12931.2	13044.0	12987.7	99.1	11.9	26.6	76.2	4928.0	-3146.0	17.6	-	-	0.0	0.0	26.6	76.2	4928.0	-3146.0
01:05:39, Friday, October 25, 2024	8022.375	12931.1	13049.2	12990.3	99.1	11.2	27.1	78.5	2706.0	-2640.0	17.5	-	-	0.0	0.0	27.1	78.5	2706.0	-2640.0
01:05:39, Friday, October 25, 2024	8022.625	12930.6	13045.8	12988.3	99.1	11.9	26.8	81.7	3465.0	-4444.0	17.7	-	-	0.0	0.0	26.8	81.7	3465.0	-4444.0
01:05:40, Friday, October 25, 2024	8022.875	12929.6	13048.2	12989.0	99.1	11.0	28.3	82.5	2706.0	-2640.0	17.6	-	-	0.0	0.0	28.3	82.5	2706.0	-2640.0
01:05:40, Friday, October 25, 2024	8023.140	12931.6	13051.9	12991.9	99.1	11.7	26.5	79.7	2706.0	-2640.0	17.6	-	-	0.0	0.0	26.5	79.7	2706.0	-2640.0
01:05:40, Friday, October 25, 2024	8023.406	12929.1	13039.5	12984.4	99.2	12.1	27.3	80.8	-341.0	-2079.0	17.6	-	-	0.0	0.0	27.3	80.8	-341.0	-2079.0
01:05:41, Friday, October 25, 2024	8023.640	12931.1	13050.7	12991.1	99.1	11.5	26.5	77.2	-33.0	-726.0	17.8	-	-	0.0	0.0	26.5	77.2	-33.0	-726.0
01:05:41, Friday, October 25, 2024	8023.890	12930.2	13052.4	12991.5	99.1	11.1	27.6	78.7	4928.0	-3146.0	17.6	-	-	0.0	0.0	27.6	78.7	4928.0	-3146.0
01:05:41, Friday, October 25, 2024	8024.140	12930.6	13044.8	12987.9	99.1	12.1	27.6	82.1	-33.0	-726.0	17.6	-	-	0.0	0.0	27.6	82.1	-33.0	-726.0
01:05:41, Friday, October 25, 2024	8024.422	12929.1	13048.6	12989.0	99.1	11.0	28.2	79.2	660.0	4048.0	17.5	-	-	0.0	0.0	28.2	79.2	660.0	4048.0
01:05:42, Friday, October 25, 2024	8024.672	12930.3	13047.1	12988.8	99.1	11.3	26.9	85.9	2706.0	-2640.0	18.0	-	-	0.0	0.0	26.9	85.9	2706.0	-2640.0
01:05:42, Friday, October 25, 2024	8024.906	12929.3	13041.5	12985.5	99.1	11.3	27.7	83.0	-33.0	-726.0	17.4	-	-	0.0	0.0	27.7	83.0	-33.0	-726.0
01:05:42, Friday, October 25, 2024	8025.172	12931.8	13045.1	12988.6	99.1	12.3	26.5	79.7	2706.0	-2640.0	17.6	-	-	0.0	0.0	26.5	79.7	2706.0	-2640.0
01:05:42, Friday, October 25, 2024	8025.422	12930.5	13045.1	12987.9	99.1	11.3	25.7	83.9	-33.0	-726.0	17.6	-	-	0.0	0.0	25.7	83.9	-33.0	-726.0
01:05:43, Friday, October 25, 2024	8025.687	12929.3	13043.5	12986.5	99.1	11.2	28.6	78.6	660.0	4048.0	18.1	-	-	0.0	0.0	28.6	78.6	660.0	4048.0
01:05:43, Friday, October 25, 2024	8025.953	12929.3	13053.3	12991.5	99.0	10.6	27.3	81.8	-33.0	-726.0	17.5	-	-	0.0	0.0	27.3	81.8	-33.0	-726.0
01:05:43, Friday, October 25, 2024	8026.219	12928.4	13045.2	12986.9	99.1	10.5	27.0	80.2	-341.0	-2079.0	17.6	-	-	0.0	0.0	27.0	80.2	-341.0	-2079.0
01:05:43, Friday, October 25, 2024	8026.469	12930.1	13048.2	12989.3	99.1	11.4	27.5	79.7	-341.0	-2079.0	18.1	-	-	0.0	0.0	27.5	79.7	-341.0	-2079.0
01:05:44, Friday, October 25, 2024	8026.703	12930.2	13045.0	12987.7	99.1	11.5	26.9	73.8	660.0	4048.0	17.6	-	-	0.0	0.0	26.9	73.8	660.0	4048.0
01:05:44, Friday, October 25, 2024	8026.969	12931.0	13050.6	12990.9	99.1	11.4	27.1	76.5	2706.0	-2640.0	17.5	-	-	0.0	0.0	27.1	76.5	2706.0	-2640.0
01:05:44, Friday, October 25, 2024	8027.234	12928.0	13048.1	12988.2	99.1	11.1	29.2	78.1	660.0	4048.0	18.0	-	-	0.0	0.0	29.2	78.1	660.0	4048.0
01:05:44, Friday, October 25, 2024	8027.469	12930.5	13053.0	12991.9	99.1	11.4	28.2	78.8	-341.0	-2079.0	17.6	-	-	0.0	0.0	28.2	78.8	-341.0	-2079.0
01:05:45, Friday, October 25, 2024	8027.734	12929.4	13042.7	12986.2	99.1	11.5	29.7	78.6	-33.0	-726.0	17.8	-	-	0.0	0.0	29.7	78.6	-33.0	-726.0
01:05:45, Friday, October 25, 2024	8027.984	12931.0	13045.5	12988.4	99.1	12.0	28.6	80.4	2706.0	-2640.0	17.6	-	-	0.0	0.0	28.6	80.4	2706.0	-2640.0
01:05:45, Friday, October 25, 2024	8028.250	12930.9	13051.3	12991.2	99.1	11.1	28.5	79.6	2706.0	-2640.0	17.9	-	-	0.0	0.0	28.5	79.6	2706.0	-2640.0
01:05:45, Friday, October 25, 2024	8028.500	12931.0	13047.1	12989.2	99.1	11.6	28.3	80.2	-341.0	-2079.0	17.8	-	-	0.0	0.0	28.3	80.2	-341.0	-2079.0
01:05:46, Friday, October 25, 2024	8028.765	12930.1	13042.1	12986.2	99.1	11.9	28.5	82.4	-33.0	-726.0	17.9	-	-	0.0	0.0	28.5	82.4	-33.0	-726.0
01:05:46, Friday, October 25, 2024	8029.015	12930.1	13043.7	12987.0	99.1	12.1	28.4	81.6	3465.0	-4444.0	17.4	-	-	0.0	0.0	28.4	81.6	3465.0	-4444.0
01:05:46, Friday, October 25, 2024	8029.265	12928.9	13049.3	12989.2	99.1	11.0	28.8	78.0	-33.0	-726.0	18.0	-	-	0.0	0.0	28.8	78.0	-33.0	-726.0
01:05:46, Friday, October 25, 2024	8029.515	12930.1	13052.8	12991.6	99.1	10.5	28.9	77.3	660.0	4048.0	17.5	-	-	0.0	0.0	28.9	77.3	660.0	4048.0
01:05:47, Friday, October 25, 2024	8029.765	12929.8	13053.0	12991.5	99.1	10.9	29.1	79.1	-341.0	-2079.0	18.1	-	-	0.0	0.0	29.1	79.1	-341.0	-2079.0
01:05:47, Friday, October 25, 2024	8030.031	12929.4	13049.0	12989.3	99.1	10.9	28.8	82.2	2706.0	-2640.0	17.5	-	-	0.0	0.0	28.8	82.2	2706.0	-2640.0
01:05:47, Friday, October 25, 2024	8030.281	12929.8	13048.4	12989.2	99.1	10.5	28.7	81.7	660.0	4048.0	17.8	-	-	0.0	0.0	28.7	81.7	660.0	4048.0
01:05:47, Friday, October 25, 2024	8030.531	12929.6	13051.1	12990.5	99.1	10.6	29.2	80.4	-341.0	-2079.0	17.6	-	-	0.0	0.0	29.2	80.4	-341.0	-2079.0
01:05:48, Friday, October 25, 2024	8030.781	12929.4	13048.4	12989.0	99.1	11.2	28.4	77.1	660.0	4048.0	18.1	-	-	0.0	0.0	28.4	77.1	660.0	4048.0
01:05:48, Friday, October 25, 2024	8031.047	12929.7	13046.7	12988.3	99.1	11.1	29.3	79.9	660.0	4048.0	17.9	-	-	0.0	0.0	29.3	79.9	660.0	4048.0
01:05:48, Friday, October 25, 2024	8031.297	12930.7	13049.6	12990.3	99.1	11.6	28.5	77.8	660.0	4048.0	17.9	-	-	0.0	0.0	28.5	77.8	660.0	4048.0
01:05:48, Friday, October 25, 2024	8031.547	12931.5	13040.4	12986.1	99.2	12.8	28.2	77.6	660.0	4048.0	17.7	-	-	0.0	0.0	28.2	77.6	660.0	4048.0
01:05:49, Friday, October 25, 2024	8031.859	12929.8	13051.1	12990.6	99.1	11.0	28.9	79.0	2706.0	-2640.0	17.4	-	-	0.0	0.0	28.9	79.0	2706.0	-2640.0
01:05:49, Friday, October 25, 2024	8032.078	12930.7	13048.8	12989.9	99.1	11.6	28.7	79.8	4928.0	-3146.0	17.6	-	-	0.0	0.0	28.7	79.8	4928.0	-3146.0
